service_id,monday,tuesday,wednesday,thursday,friday,saturday,sunday,start_date,end_date
384490_319239,1,1,1,1,1,1,1,20251012,20251025
384490_319240,1,1,1,1,1,1,1,20251026,20251213
384490_319242,1,1,1,1,1,1,1,20251012,20251025
384490_319243,1,1,1,1,1,1,1,20251026,20251213
384490_319246,1,1,1,1,1,1,1,20251012,20251213
384490_319252,1,1,1,1,1,1,1,20251012,20251025
384490_319253,1,1,1,1,1,1,1,20251026,20251213
384490_319258,1,1,1,1,1,1,1,20251012,20251025
384490_319259,1,1,1,1,1,1,1,20251026,20251213
384490_319261,1,1,1,1,1,1,1,20251012,20251025
384490_319262,1,1,1,1,1,1,1,20251026,20251213
384490_319264,1,1,1,1,1,1,1,20251012,20251213
384490_320503,1,1,1,1,1,1,1,20251012,20251025
384490_320504,1,1,1,1,1,1,1,20251026,20251213
384490_320505,1,1,1,1,1,1,1,20251012,20251025
384490_320506,1,1,1,1,1,1,1,20251026,20251213
384490_320512,1,1,1,1,1,1,1,20251012,20251025
384490_320513,1,1,1,1,1,1,1,20251026,20251213
384490_320520,1,1,1,1,1,1,1,20251012,20251025
384490_320521,1,1,1,1,1,1,1,20251026,20251213
384490_320524,1,1,1,1,1,1,1,20251012,20251025
384490_320525,1,1,1,1,1,1,1,20251026,20251213
384490_320527,1,1,1,1,1,1,1,20251012,20251213
384490_320534,1,1,1,1,1,1,1,20251012,20251025
384490_320535,1,1,1,1,1,1,1,20251026,20251213
384492_319284,1,1,1,1,1,1,1,20251012,20251015
384492_319285,1,1,1,1,1,1,1,20251016,20251025
384492_319286,1,1,1,1,1,1,1,20251026,20251213
384492_319294,1,1,1,1,1,1,1,20251012,20251015
384492_319295,1,1,1,1,1,1,1,20251016,20251025
384492_319296,1,1,1,1,1,1,1,20251026,20251213
384492_319302,1,1,1,1,1,1,1,20251012,20251012
384492_319303,0,0,0,0,0,1,1,20251018,20251025
384492_319304,0,1,0,0,0,0,1,20251026,20251028
384492_319315,1,1,1,1,1,1,1,20251012,20251012
384492_319316,0,0,0,0,0,1,1,20251018,20251025
384492_319317,0,1,0,0,0,0,1,20251026,20251028
384492_319323,1,1,1,1,1,1,1,20251012,20251015
384492_319324,1,1,1,1,1,1,1,20251016,20251025
384492_319325,1,1,1,1,1,1,1,20251026,20251213
384492_319336,1,1,1,1,1,1,1,20251012,20251015
384492_319337,1,1,1,1,1,1,1,20251016,20251025
384492_319338,1,1,1,1,1,1,1,20251026,20251213
384492_319344,1,1,1,1,1,1,1,20251012,20251012
384492_319345,0,0,0,0,0,1,1,20251018,20251025
384492_319346,0,1,0,0,0,0,1,20251026,20251028
384492_319356,1,1,1,1,1,1,1,20251012,20251012
384492_319357,0,0,0,0,0,1,1,20251018,20251025
384492_319358,0,1,0,0,0,0,1,20251026,20251028
384492_319364,1,1,1,1,1,1,1,20251012,20251012
384492_319365,0,0,0,0,0,1,1,20251018,20251025
384492_319366,0,1,0,0,0,0,1,20251026,20251028
384492_319375,1,1,1,1,1,1,1,20251012,20251012
384492_319376,0,0,0,0,0,1,1,20251018,20251025
384492_319377,0,1,0,0,0,0,1,20251026,20251028
384492_319383,1,1,1,1,1,1,1,20251012,20251015
384492_319384,1,1,1,1,1,1,1,20251016,20251025
384492_319385,1,1,1,1,1,1,1,20251026,20251213
384492_319395,1,1,1,1,1,1,1,20251012,20251015
384492_319396,1,1,1,1,1,1,1,20251016,20251025
384492_319397,1,1,1,1,1,1,1,20251026,20251213
384492_319403,0,0,0,0,0,1,1,20251012,20251012
384492_319404,0,0,0,0,0,1,1,20251018,20251025
384492_319405,0,0,0,0,0,1,1,20251026,20251213
384492_319415,0,0,0,0,0,1,1,20251012,20251012
384492_319416,0,0,0,0,0,1,1,20251018,20251025
384492_319417,0,0,0,0,0,1,1,20251026,20251213
384492_319423,1,1,1,1,1,1,1,20251012,20251012
384492_319424,0,0,0,0,0,1,1,20251018,20251025
384492_319425,0,1,0,0,0,0,1,20251026,20251028
384492_319434,1,1,1,1,1,1,1,20251012,20251012
384492_319435,0,0,0,0,0,1,1,20251018,20251025
384492_319436,0,1,0,0,0,0,1,20251026,20251028
384492_319442,0,0,0,0,0,1,1,20251012,20251012
384492_319443,0,0,0,0,0,1,1,20251018,20251025
384492_319444,0,0,0,0,0,1,1,20251026,20251213
384492_319453,0,0,0,0,0,1,1,20251012,20251012
384492_319454,0,0,0,0,0,1,1,20251018,20251025
384492_319455,0,0,0,0,0,1,1,20251026,20251213
384492_319461,1,1,1,1,1,1,1,20251012,20251015
384492_319462,1,1,1,1,1,1,1,20251016,20251025
384492_319463,1,1,1,1,1,1,1,20251026,20251213
384492_319473,1,1,1,1,1,1,1,20251012,20251015
384492_319474,1,1,1,1,1,1,1,20251016,20251025
384492_319475,1,1,1,1,1,1,1,20251026,20251213
384492_319481,1,1,1,1,1,1,1,20251012,20251012
384492_319482,0,0,0,0,0,1,1,20251018,20251025
384492_319483,0,1,0,0,0,0,1,20251026,20251028
384492_319494,1,1,1,1,1,1,1,20251012,20251012
384492_319495,0,0,0,0,0,1,1,20251018,20251025
384492_319496,0,1,0,0,0,0,1,20251026,20251028
384492_320240,0,0,0,0,0,1,1,20251012,20251025
384492_320241,1,1,1,1,1,0,0,20251012,20251024
384492_320244,0,0,0,0,0,1,1,20251012,20251025
384492_320247,1,1,1,1,1,1,1,20251012,20251025
384492_320251,0,0,0,0,0,1,1,20251012,20251025
384492_320255,0,0,0,0,0,1,1,20251012,20251025
384492_320258,1,1,1,1,1,1,1,20251012,20251025
384492_320265,0,0,0,0,0,1,1,20251012,20251025
384492_320268,0,0,0,0,0,1,1,20251012,20251025
384492_320271,0,0,0,0,0,1,1,20251012,20251025
384492_320274,1,1,1,1,1,1,1,20251012,20251025
384492_320312,0,0,0,0,0,1,1,20251012,20251025
384492_320313,1,1,1,1,1,0,0,20251012,20251024
384492_320316,0,0,0,0,0,1,1,20251012,20251025
384492_320319,1,1,1,1,1,1,1,20251012,20251025
384492_320322,0,0,0,0,0,1,1,20251012,20251025
384492_320325,0,0,0,0,0,1,1,20251012,20251025
384492_320328,1,1,1,1,1,1,1,20251012,20251025
384492_320331,0,0,0,0,0,1,1,20251012,20251025
384492_320335,0,0,0,0,0,1,1,20251012,20251025
384492_320338,0,0,0,0,0,1,1,20251012,20251025
384492_320341,1,1,1,1,1,1,1,20251012,20251025
384492_320344,1,1,1,1,1,1,1,20251012,20251025
384496_319577,1,1,1,1,1,1,1,20251012,20251213
384496_319588,0,0,0,0,0,1,0,20251012,20251025
384496_319589,0,0,0,0,0,1,0,20251101,20251213
384496_319590,0,0,0,0,1,0,0,20251031,20251212
384496_319605,0,0,0,0,1,0,0,20251012,20251024
384496_319644,1,1,1,1,1,0,0,20251012,20251024
384496_319645,1,1,1,1,1,0,0,20251027,20251212
384496_319659,1,1,1,1,1,0,0,20251012,20251024
384496_319660,1,1,1,1,1,0,0,20251027,20251212
384496_319673,1,1,1,1,1,1,1,20251012,20251025
384496_319674,1,1,1,1,1,1,1,20251026,20251213
384496_319687,1,1,1,1,1,1,1,20251012,20251025
384496_319688,1,1,1,1,1,1,1,20251026,20251213
384496_319702,1,1,1,1,1,1,1,20251012,20251025
384496_319703,1,1,1,1,1,1,1,20251026,20251213
384496_319716,1,1,1,1,1,1,1,20251012,20251025
384496_319717,1,1,1,1,1,1,1,20251026,20251213
384496_319730,1,1,1,1,1,1,1,20251012,20251025
384496_319731,1,1,1,1,1,1,1,20251026,20251213
384496_319753,1,1,1,1,1,1,0,20251012,20251025
384496_319754,0,0,0,0,0,0,1,20251012,20251019
384496_319755,0,0,0,0,0,0,1,20251026,20251207
384496_319756,1,1,1,1,1,1,0,20251027,20251213
384496_319770,1,1,1,1,1,1,1,20251012,20251025
384496_319771,1,1,1,1,1,1,1,20251026,20251213
384496_319784,1,1,1,1,1,1,1,20251012,20251025
384496_319785,1,1,1,1,1,1,1,20251026,20251213
384496_319807,1,1,1,1,1,0,0,20251012,20251024
384496_319808,0,0,0,0,0,1,1,20251012,20251025
384496_319809,0,0,0,0,0,1,1,20251026,20251213
384496_319810,1,1,1,1,1,0,0,20251027,20251212
384496_319825,1,1,1,1,1,1,1,20251012,20251025
384496_319826,1,1,1,1,1,1,1,20251026,20251213
384496_319839,1,1,1,1,1,1,1,20251012,20251025
384496_319840,1,1,1,1,1,1,1,20251026,20251213
384496_319853,1,1,1,1,1,1,1,20251012,20251025
384496_319854,1,1,1,1,1,1,1,20251026,20251213
384496_319867,1,1,1,1,1,1,1,20251012,20251025
384496_319868,1,1,1,1,1,1,1,20251026,20251213
384496_319883,1,1,1,1,1,1,1,20251012,20251025
384496_319884,1,1,1,1,1,1,1,20251026,20251213
384496_319907,1,1,1,1,1,1,0,20251012,20251025
384496_319908,0,0,0,0,0,0,1,20251012,20251019
384496_319909,0,0,0,0,0,0,1,20251026,20251207
384496_319910,1,1,1,1,1,1,0,20251027,20251213
384496_319925,1,1,1,1,1,1,1,20251012,20251025
384496_319926,1,1,1,1,1,1,1,20251026,20251213
384496_319943,1,1,1,1,1,1,1,20251012,20251025
384496_319944,1,1,1,1,1,1,1,20251026,20251213
384496_319957,1,1,1,1,1,1,1,20251012,20251025
384496_319958,1,1,1,1,1,1,1,20251026,20251213
384496_319982,1,1,1,1,1,1,1,20251012,20251025
384496_319983,1,1,1,1,1,1,1,20251026,20251213
384496_319998,1,1,1,1,1,1,1,20251012,20251025
384496_319999,1,1,1,1,1,1,1,20251026,20251213
384496_321213,1,1,1,1,1,1,1,20251012,20251213
384496_321216,1,1,1,1,1,1,1,20251012,20251025
384496_321217,1,1,1,1,1,1,1,20251026,20251213
384496_322258,0,0,0,0,0,0,1,20251012,20251019
384496_322259,0,0,0,0,0,0,1,20251026,20251207
384496_322270,0,0,0,0,1,0,0,20251012,20251024
384496_322271,0,0,0,0,1,0,0,20251031,20251212
384496_322373,1,1,1,1,1,1,1,20251012,20251025
384496_322374,1,1,1,1,1,1,1,20251026,20251213
384496_322379,1,1,1,1,1,1,1,20251012,20251025
384496_322380,1,1,1,1,1,1,1,20251026,20251213
384496_322386,1,1,1,1,1,1,1,20251012,20251025
384496_322387,1,1,1,1,1,1,1,20251026,20251213
384496_322391,0,0,0,0,0,1,1,20251012,20251025
384496_322392,1,1,1,1,1,0,0,20251012,20251024
384496_322393,1,1,1,1,1,1,1,20251026,20251213
384496_322405,1,1,1,1,1,1,1,20251012,20251025
384496_322406,1,1,1,1,1,1,1,20251026,20251213
384496_322412,1,1,1,1,1,1,1,20251012,20251025
384496_322413,1,1,1,1,1,1,1,20251026,20251213
384496_322418,1,1,1,1,1,1,1,20251012,20251025
384496_322419,1,1,1,1,1,1,1,20251026,20251213
384496_323188,1,1,1,1,1,1,1,20251012,20251025
384496_323189,1,1,1,1,1,1,1,20251026,20251213
384496_323205,1,1,1,1,1,1,1,20251012,20251025
384496_323206,1,1,1,1,1,1,1,20251026,20251213
384496_323210,1,1,1,1,1,0,0,20251012,20251024
384496_323211,1,1,1,1,1,0,0,20251027,20251212
384496_323281,1,1,1,1,1,1,1,20251012,20251025
384496_323282,1,1,1,1,1,1,1,20251026,20251213
384496_323295,0,0,0,0,0,1,1,20251012,20251025
384496_323296,1,1,1,1,1,0,0,20251012,20251024
384496_323297,1,1,1,1,1,1,1,20251026,20251213
384496_323308,1,1,1,1,1,1,1,20251012,20251025
384496_323309,1,1,1,1,1,1,1,20251026,20251213
384496_323339,1,1,1,1,1,1,1,20251012,20251213
384496_323342,1,1,1,1,1,0,0,20251012,20251024
384496_323343,1,1,1,1,1,0,0,20251027,20251212
384496_323410,0,0,0,0,0,1,1,20251012,20251025
384496_323411,1,1,1,1,1,0,0,20251012,20251024
384496_323412,1,1,1,1,1,1,1,20251026,20251213
384496_323423,1,1,1,1,1,1,1,20251012,20251025
384496_323424,1,1,1,1,1,1,1,20251026,20251213
384496_323451,1,1,1,1,1,1,1,20251012,20251025
384496_323452,1,1,1,1,1,1,1,20251026,20251213
384496_323490,1,1,1,1,1,1,1,20251012,20251025
384496_323491,1,1,1,1,1,1,1,20251026,20251213
384497_319614,0,0,0,0,0,1,1,20251012,20251025
384497_319615,0,0,0,0,0,1,1,20251026,20251213
384497_319627,0,0,0,0,0,1,1,20251012,20251025
384497_319628,0,0,0,0,0,1,1,20251026,20251213
384497_321877,0,0,0,0,0,1,1,20251012,20251025
384497_321878,0,0,0,0,0,1,1,20251026,20251213
384497_321887,0,0,0,0,0,1,1,20251012,20251025
384497_321888,0,0,0,0,0,1,1,20251026,20251213
384497_321920,1,1,1,1,1,1,1,20251012,20251025
384497_321921,1,1,1,1,1,1,1,20251026,20251213
384497_321935,0,0,0,0,1,0,1,20251012,20251024
384497_321936,0,0,0,0,1,0,1,20251026,20251212
384497_321944,1,1,1,1,1,0,0,20251012,20251024
384497_321945,1,1,1,1,1,0,0,20251027,20251212
384497_321952,1,1,1,1,1,1,1,20251012,20251025
384497_321953,1,1,1,1,1,1,1,20251026,20251213
384497_321957,1,1,1,1,1,1,1,20251012,20251025
384497_321958,1,1,1,1,1,1,1,20251026,20251213
384497_321965,1,1,1,1,1,0,0,20251012,20251212
384497_321970,1,1,1,1,0,1,0,20251012,20251025
384497_321973,1,1,1,1,0,1,0,20251027,20251213
384497_324676,0,0,0,0,1,0,1,20251012,20251024
384497_324677,0,0,0,0,1,0,1,20251026,20251212
384497_324689,1,1,1,1,1,1,1,20251012,20251025
384497_324690,1,1,1,1,1,1,1,20251026,20251213
384497_324701,1,1,1,1,1,0,0,20251012,20251024
384497_324702,1,1,1,1,1,0,0,20251027,20251212
384497_324716,1,1,1,1,0,1,0,20251012,20251025
384497_324717,1,1,1,1,0,1,0,20251027,20251213
384497_324724,1,1,1,1,1,0,0,20251012,20251024
384497_324725,1,1,1,1,1,0,0,20251027,20251212
384497_324732,1,1,1,1,1,1,1,20251012,20251025
384497_324733,1,1,1,1,1,1,1,20251026,20251213
384497_324739,1,1,1,1,1,1,1,20251012,20251025
384497_324740,1,1,1,1,1,1,1,20251026,20251213
384495_319508,1,1,1,1,1,1,1,20251012,20251213
384495_319515,1,1,1,1,1,1,1,20251026,20251213
384495_319525,1,1,1,1,1,1,1,20251012,20251213
384495_319536,1,1,1,1,1,1,1,20251012,20251213
384495_319547,1,1,1,1,1,1,1,20251012,20251213
384495_319558,1,1,1,1,1,1,1,20251012,20251213
384495_319569,1,1,1,1,1,1,1,20251026,20251213
384495_319969,1,1,1,1,1,1,1,20251012,20251213
384495_320902,1,1,1,1,1,1,1,20251012,20251025
384495_320910,1,1,1,1,1,1,1,20251026,20251213
384495_320948,1,1,1,1,1,1,1,20251012,20251213
384495_320950,1,1,1,1,1,1,1,20251012,20251213
384495_320952,1,1,1,1,1,1,1,20251012,20251025
384495_320953,1,1,1,1,1,1,1,20251026,20251213
384495_320956,1,1,1,1,1,1,1,20251012,20251130
384495_320958,1,1,1,1,1,1,1,20251201,20251213
384495_320979,1,1,1,1,1,1,1,20251012,20251213
384495_320981,1,1,1,1,1,1,1,20251012,20251025
384495_320982,1,1,1,1,1,1,1,20251026,20251213
384495_321164,1,1,1,1,1,1,1,20251012,20251213
384495_321165,1,1,1,1,1,1,1,20251012,20251213
384495_321637,1,1,1,1,1,1,1,20251012,20251213
384495_321639,1,1,1,1,1,1,1,20251012,20251213
384495_321641,1,1,1,1,1,1,1,20251012,20251213
384495_321643,1,1,1,1,1,1,1,20251012,20251213
384495_321646,1,1,1,1,1,1,1,20251012,20251213
384495_321647,1,1,1,1,1,1,1,20251012,20251213
384495_321650,1,1,1,1,1,1,1,20251012,20251213
384495_321652,1,1,1,1,1,1,1,20251012,20251213
384495_321654,1,1,1,1,1,1,1,20251012,20251025
384495_321655,1,1,1,1,1,1,1,20251026,20251213
384495_321657,1,1,1,1,1,1,1,20251012,20251213
384495_321659,1,1,1,1,1,1,1,20251012,20251213
384495_321661,1,1,1,1,1,1,1,20251012,20251213
384495_321663,1,1,1,1,1,1,1,20251012,20251213
384495_321665,1,1,1,1,1,1,1,20251012,20251213
384495_321667,1,1,1,1,1,1,1,20251012,20251213
384495_321669,1,1,1,1,1,1,1,20251012,20251213
384495_321672,1,1,1,1,1,1,1,20251012,20251213
384495_321673,1,1,1,1,1,1,1,20251012,20251025
384495_321674,1,1,1,1,1,1,1,20251026,20251213
384495_321722,1,1,1,1,1,1,1,20251012,20251025
384495_321723,1,1,1,1,1,1,1,20251026,20251213
384495_321727,1,1,1,1,1,1,1,20251012,20251025
384495_321728,1,1,1,1,1,1,1,20251026,20251213
384495_321744,1,1,1,1,1,1,1,20251012,20251025
384495_321745,1,1,1,1,1,1,1,20251026,20251213
384495_321752,1,1,1,1,1,0,0,20251012,20251024
384495_321753,1,1,1,1,1,0,0,20251027,20251212
384495_321758,0,0,0,0,0,1,1,20251012,20251213
384495_321762,1,1,1,1,1,1,1,20251012,20251025
384495_321763,1,1,1,1,1,1,1,20251026,20251213
384495_321765,1,1,1,1,1,1,1,20251012,20251213
384495_321776,1,1,1,1,1,1,1,20251012,20251025
384495_321777,1,1,1,1,1,1,1,20251026,20251213
384495_321785,1,1,1,1,1,0,0,20251012,20251024
384495_321786,1,1,1,1,1,0,0,20251027,20251212
384495_321791,0,0,0,0,0,1,1,20251012,20251025
384495_321792,0,0,0,0,0,1,1,20251026,20251213
384495_321793,1,1,1,1,1,1,1,20251026,20251213
384495_321821,0,0,0,0,0,1,1,20251012,20251213
384495_321824,1,1,1,1,1,0,0,20251012,20251212
384495_321859,1,1,1,1,1,1,1,20251012,20251213
384495_321862,1,1,1,1,1,1,1,20251012,20251213
384495_321863,0,0,0,0,0,1,1,20251012,20251213
384495_321864,1,1,1,1,1,0,0,20251012,20251212
384495_324284,1,1,1,1,1,1,1,20251012,20251025
384495_324292,1,1,1,1,1,1,1,20251026,20251213
384495_324310,1,1,1,1,1,1,1,20251012,20251213
384495_324327,1,1,1,1,1,1,1,20251012,20251213
384495_324345,1,1,1,1,1,1,1,20251012,20251025
384495_324346,1,1,1,1,1,1,1,20251026,20251213
384495_324379,1,1,1,1,1,0,0,20251012,20251024
384495_324380,0,0,0,0,0,1,1,20251012,20251025
384495_324381,1,1,1,1,1,1,1,20251026,20251213
384495_324397,1,1,1,1,1,1,1,20251012,20251213
384495_324426,1,1,1,1,1,1,1,20251012,20251025
384495_324461,1,1,1,1,1,1,1,20251012,20251025
384502_320002,0,0,0,0,0,1,1,20251012,20251025
384502_320026,1,1,1,1,1,0,0,20251012,20251024
384502_321107,0,0,0,0,1,0,0,20251012,20251024
384502_321108,0,0,0,0,1,0,0,20251031,20251212
384502_321114,0,0,0,0,0,1,1,20251012,20251025
384502_321115,0,0,0,0,0,1,1,20251026,20251213
384502_322341,0,0,0,0,0,1,1,20251026,20251213
384502_322354,1,1,1,1,1,0,0,20251027,20251212
384502_322365,0,0,0,0,1,0,0,20251012,20251024
384502_322366,0,0,0,0,1,0,0,20251031,20251212
384502_322398,1,1,1,1,1,1,1,20251012,20251025
384502_322401,1,1,1,1,1,1,1,20251026,20251213
384502_322428,1,1,1,1,1,1,1,20251012,20251025
384502_322429,1,1,1,1,1,1,1,20251026,20251213
384502_323175,0,0,0,0,0,1,1,20251012,20251025
384502_323176,1,1,1,1,1,0,0,20251012,20251024
384502_323177,1,1,1,1,1,1,1,20251026,20251213
384502_323181,1,1,1,1,1,1,1,20251012,20251025
384502_323182,1,1,1,1,1,1,1,20251026,20251213
384502_323198,1,1,1,1,1,1,1,20251012,20251025
384502_323199,1,1,1,1,1,1,1,20251026,20251213
384502_323238,1,1,1,1,1,1,1,20251012,20251025
384502_323239,1,1,1,1,1,1,1,20251026,20251213
384502_323243,1,1,1,1,1,1,1,20251012,20251025
384502_323244,1,1,1,1,1,1,1,20251026,20251213
384502_323250,1,1,1,1,1,0,0,20251012,20251024
384502_323251,1,1,1,1,1,0,0,20251027,20251212
384502_323274,0,0,0,0,0,1,1,20251012,20251025
384502_323276,0,0,0,0,0,1,1,20251026,20251213
384502_323288,1,1,1,1,1,1,1,20251012,20251025
384502_323289,1,1,1,1,1,1,1,20251026,20251213
384502_323303,1,1,1,1,1,1,1,20251012,20251025
384502_323304,1,1,1,1,1,1,1,20251026,20251213
384502_323314,1,1,1,1,1,0,0,20251012,20251024
384502_323315,1,1,1,1,1,0,0,20251027,20251212
384502_323323,1,1,1,1,1,1,1,20251012,20251025
384502_323324,1,1,1,1,1,1,1,20251026,20251213
384502_323356,0,0,0,0,0,1,1,20251012,20251025
384502_323357,1,1,1,1,1,0,0,20251012,20251024
384502_323358,1,1,1,1,1,1,1,20251026,20251213
384502_323362,1,1,1,1,1,1,1,20251012,20251025
384502_323363,1,1,1,1,1,1,1,20251026,20251213
384502_323372,1,1,1,1,1,1,1,20251012,20251025
384502_323373,1,1,1,1,1,1,1,20251026,20251213
384502_323380,1,1,1,1,1,1,1,20251012,20251025
384502_323381,1,1,1,1,1,1,1,20251026,20251213
384502_323389,1,1,1,1,1,1,1,20251012,20251025
384502_323390,1,1,1,1,1,1,1,20251026,20251213
384502_323416,1,1,1,1,1,1,1,20251012,20251025
384502_323417,1,1,1,1,1,1,1,20251026,20251213
384502_323431,1,1,1,1,1,1,1,20251012,20251025
384502_323432,1,1,1,1,1,1,1,20251026,20251213
384502_323438,1,1,1,1,1,0,0,20251012,20251023
384502_323439,1,1,1,1,0,0,0,20251027,20251211
384502_323445,0,0,0,0,1,0,0,20251012,20251024
384502_323446,0,0,0,0,1,0,0,20251031,20251212
384502_323459,1,1,1,1,1,1,1,20251012,20251025
384502_323460,1,1,1,1,1,1,1,20251026,20251213
384502_323468,1,1,1,1,1,1,1,20251012,20251025
384502_323469,1,1,1,1,1,1,1,20251026,20251213
384502_323474,1,1,1,1,1,0,1,20251012,20251024
384502_323475,1,1,1,1,1,0,1,20251026,20251212
384502_323481,0,0,0,0,0,1,0,20251012,20251025
384502_323482,0,0,0,0,0,1,0,20251101,20251213
384502_323505,1,1,1,1,1,1,1,20251012,20251025
384502_323506,1,1,1,1,1,1,1,20251026,20251213
384502_323511,1,1,1,1,1,1,1,20251012,20251025
384502_323512,1,1,1,1,1,1,1,20251026,20251213
384502_323514,1,1,1,1,1,1,1,20251012,20251025
384502_323516,1,1,1,1,1,1,1,20251026,20251213
384502_323521,1,1,1,1,1,1,1,20251012,20251025
384502_323522,1,1,1,1,1,1,1,20251026,20251213
384503_320008,0,0,0,0,0,1,1,20251012,20251025
384503_320009,0,0,0,0,0,1,1,20251026,20251213
384503_320020,0,0,0,0,0,1,1,20251012,20251025
384503_320021,0,0,0,0,0,1,1,20251026,20251213
384503_320351,1,1,1,1,1,1,1,20251012,20251025
384503_320352,1,1,1,1,1,1,1,20251026,20251213
384503_320375,1,1,1,1,1,1,1,20251012,20251025
384503_320376,1,1,1,1,1,1,1,20251026,20251213
384503_320417,1,1,1,1,1,1,1,20251012,20251025
384503_320419,1,1,1,1,1,1,1,20251026,20251213
384503_320443,1,1,1,1,1,1,1,20251012,20251025
384503_320444,1,1,1,1,1,1,1,20251026,20251213
384503_320461,1,1,1,1,1,1,1,20251012,20251025
384503_320462,1,1,1,1,1,1,1,20251026,20251213
384503_320474,0,0,0,0,0,1,1,20251012,20251025
384503_320475,0,0,0,0,0,1,1,20251026,20251213
384503_320499,1,1,1,1,1,1,1,20251012,20251025
384503_320500,1,1,1,1,1,1,1,20251026,20251213
384503_321026,0,0,0,0,0,1,1,20251012,20251025
384503_321027,0,0,0,0,0,1,1,20251026,20251213
384503_321033,0,0,0,0,0,1,1,20251012,20251025
384503_321034,0,0,0,0,0,1,1,20251026,20251213
384504_320031,0,0,0,0,0,0,1,20251012,20251019
384504_320032,0,0,0,0,0,0,1,20251026,20251207
384504_320036,1,1,1,1,1,0,0,20251012,20251024
384504_320037,1,1,1,1,1,0,0,20251027,20251212
384504_320043,0,0,0,0,0,1,1,20251012,20251025
384504_320044,0,0,0,0,0,1,1,20251026,20251213
384504_320047,1,1,1,1,1,0,0,20251012,20251024
384504_320048,1,1,1,1,1,0,0,20251027,20251212
384504_320052,1,1,1,1,1,1,1,20251012,20251025
384504_320054,1,1,1,1,1,1,1,20251026,20251213
384504_320057,1,1,1,1,1,1,1,20251012,20251025
384504_320059,1,1,1,1,1,1,1,20251026,20251213
384504_320064,1,1,1,1,1,0,0,20251012,20251024
384504_320065,1,1,1,1,1,0,0,20251027,20251212
384504_320070,0,0,0,0,0,1,1,20251012,20251025
384504_320071,0,0,0,0,0,1,1,20251026,20251213
384504_320075,1,1,1,1,1,1,1,20251012,20251025
384504_320077,1,1,1,1,1,1,1,20251026,20251213
384504_320085,0,0,0,0,0,1,1,20251012,20251025
384504_320086,0,0,0,0,0,1,1,20251026,20251213
384504_320089,1,1,1,1,1,1,1,20251012,20251025
384504_320092,1,1,1,1,1,1,1,20251026,20251213
384504_320098,0,0,0,0,0,1,1,20251012,20251213
384504_320109,0,0,0,0,0,1,1,20251012,20251025
384504_320110,0,0,0,0,0,1,1,20251026,20251213
384504_320113,1,1,1,1,1,0,0,20251012,20251024
384504_320115,1,1,1,1,1,0,0,20251027,20251212
384504_320118,1,1,1,1,1,0,0,20251012,20251024
384504_320119,1,1,1,1,1,0,0,20251027,20251212
384504_320143,0,0,0,0,0,1,1,20251012,20251025
384504_320144,0,0,0,0,0,1,1,20251026,20251213
384504_320148,1,1,1,1,1,0,0,20251012,20251024
384504_320149,1,1,1,1,1,0,0,20251027,20251212
384504_320152,1,1,1,1,1,1,1,20251012,20251025
384504_320154,1,1,1,1,1,1,1,20251026,20251213
384504_320158,1,1,1,1,1,1,1,20251012,20251025
384504_320160,1,1,1,1,1,1,1,20251026,20251213
384504_320163,1,1,1,1,1,0,0,20251012,20251212
384504_320175,0,0,0,0,0,1,1,20251012,20251025
384504_320176,0,0,0,0,0,1,1,20251026,20251213
384504_320179,1,1,1,1,1,1,1,20251012,20251025
384504_320181,1,1,1,1,1,1,1,20251026,20251213
384504_320185,1,1,1,1,1,1,1,20251012,20251025
384504_320187,1,1,1,1,1,1,1,20251026,20251213
384504_320193,0,0,0,0,0,1,1,20251012,20251025
384504_320194,0,0,0,0,0,1,1,20251026,20251213
384504_320200,1,1,1,1,1,0,0,20251012,20251024
384504_320201,1,1,1,1,1,0,0,20251027,20251212
384504_320205,1,1,1,1,1,1,1,20251012,20251025
384504_320207,1,1,1,1,1,1,1,20251026,20251213
384504_320211,1,1,1,1,1,0,0,20251012,20251024
384504_320213,1,1,1,1,1,0,0,20251027,20251212
384504_320235,1,1,1,1,1,1,1,20251012,20251025
384504_320237,1,1,1,1,1,1,1,20251026,20251213
384505_320102,1,1,1,1,1,0,0,20251012,20251024
384505_320104,1,1,1,1,1,0,0,20251027,20251212
384505_320167,1,1,1,1,1,0,0,20251012,20251024
384505_320169,1,1,1,1,1,0,0,20251027,20251212
384505_320219,0,0,0,0,0,1,1,20251012,20251025
384505_320220,0,0,0,0,0,1,1,20251026,20251213
384505_320227,1,1,1,1,1,1,1,20251012,20251025
384505_320229,1,1,1,1,1,1,1,20251026,20251213
384505_324500,1,1,1,1,1,1,1,20251012,20251025
384505_324502,1,1,1,1,1,1,1,20251026,20251213
384506_320129,1,1,1,1,1,1,1,20251012,20251017
384506_320130,1,1,1,1,1,1,1,20251018,20251025
384506_320131,1,1,1,1,1,1,1,20251026,20251213
384507_320135,1,1,1,1,1,0,0,20251012,20251024
384507_320137,1,1,1,1,1,0,0,20251027,20251212
384507_324487,1,1,1,1,1,0,0,20251012,20251024
384507_324488,1,1,1,1,1,0,0,20251027,20251212
384507_324494,1,1,1,1,1,1,0,20251012,20251025
384507_324496,1,1,1,1,1,1,0,20251027,20251213
384507_324511,1,1,1,1,1,1,1,20251012,20251025
384507_324513,1,1,1,1,1,1,1,20251026,20251213
384507_324534,1,1,1,1,1,0,0,20251012,20251024
384507_324536,1,1,1,1,1,0,0,20251027,20251212
384507_324563,1,1,1,1,1,1,1,20251012,20251025
384507_324565,1,1,1,1,1,1,1,20251026,20251213
384507_324574,1,1,1,1,1,0,0,20251012,20251024
384507_324576,1,1,1,1,1,0,0,20251027,20251212
384508_320278,1,1,1,1,1,1,1,20251012,20251025
384508_320279,1,1,1,1,1,1,1,20251026,20251213
384508_320283,1,1,1,1,1,1,1,20251012,20251025
384508_320284,1,1,1,1,1,1,1,20251026,20251213
384508_320288,1,1,1,1,1,1,1,20251012,20251025
384508_320289,1,1,1,1,1,1,1,20251026,20251213
384508_320293,1,1,1,1,1,1,1,20251012,20251025
384508_320294,1,1,1,1,1,1,1,20251026,20251213
384508_320298,1,1,1,1,1,1,1,20251012,20251025
384508_320299,1,1,1,1,1,1,1,20251026,20251213
384508_320303,1,1,1,1,1,1,1,20251012,20251025
384508_320304,1,1,1,1,1,1,1,20251026,20251213
384508_320308,1,1,1,1,1,1,1,20251012,20251025
384508_320309,1,1,1,1,1,1,1,20251026,20251213
384508_321251,1,1,1,1,1,0,0,20251012,20251024
384508_321252,1,1,1,1,1,0,0,20251027,20251212
384508_321256,0,0,0,0,0,1,1,20251012,20251025
384508_321257,0,0,0,0,0,1,1,20251026,20251213
384508_321266,1,1,1,1,1,1,1,20251012,20251025
384508_321267,1,1,1,1,1,1,1,20251026,20251213
384508_321271,1,1,1,1,1,1,1,20251012,20251025
384508_321272,1,1,1,1,1,1,1,20251026,20251213
384508_321276,1,1,1,1,1,1,1,20251012,20251025
384508_321277,1,1,1,1,1,1,1,20251026,20251213
384508_321281,1,1,1,1,1,1,1,20251012,20251025
384508_321282,1,1,1,1,1,1,1,20251026,20251213
384508_321286,1,1,1,1,1,1,1,20251012,20251025
384508_321287,1,1,1,1,1,1,1,20251026,20251213
384508_321291,1,1,1,1,1,1,1,20251012,20251025
384508_321292,1,1,1,1,1,1,1,20251026,20251213
384509_320367,1,1,1,1,1,1,1,20251012,20251025
384509_320368,1,1,1,1,1,1,1,20251026,20251213
384510_320384,1,1,1,1,1,0,0,20251012,20251024
384510_320385,1,1,1,1,1,0,0,20251027,20251212
384510_320389,0,0,0,0,0,1,1,20251012,20251012
384510_320390,0,0,0,0,0,1,1,20251018,20251025
384510_320391,0,0,0,0,0,1,1,20251026,20251213
384510_320395,0,0,0,0,0,1,1,20251012,20251025
384510_320396,0,0,0,0,0,1,1,20251026,20251213
384510_320400,1,1,1,1,1,0,0,20251012,20251024
384510_320401,1,1,1,1,1,0,0,20251027,20251212
384510_320423,1,1,1,1,1,1,1,20251012,20251025
384510_320424,1,1,1,1,1,1,1,20251026,20251213
384510_320427,1,1,1,1,1,0,0,20251012,20251024
384510_320428,1,1,1,1,1,0,0,20251027,20251212
384510_320435,0,0,0,0,0,1,1,20251012,20251012
384510_320436,1,1,1,1,1,0,0,20251012,20251025
384510_320437,1,1,1,1,1,1,1,20251026,20251213
384510_320449,1,1,1,1,1,1,1,20251012,20251025
384510_320450,1,1,1,1,1,1,1,20251026,20251213
384510_320468,1,1,1,1,1,0,0,20251012,20251024
384510_320469,1,1,1,1,1,0,0,20251027,20251212
384510_321229,1,1,1,1,1,1,1,20251012,20251213
384510_321232,1,1,1,1,1,1,1,20251012,20251213
384510_321236,0,0,0,0,0,1,1,20251012,20251213
384510_321238,0,0,0,0,0,1,1,20251012,20251213
384510_321261,1,1,1,1,1,1,1,20251012,20251025
384510_321262,1,1,1,1,1,1,1,20251026,20251213
384510_321293,0,0,0,0,0,1,1,20251012,20251213
384510_321296,0,0,0,0,0,1,1,20251012,20251213
384510_321298,0,0,0,0,0,1,1,20251012,20251213
384511_320492,1,1,1,1,1,1,1,20251012,20251025
384511_320493,1,1,1,1,1,1,1,20251026,20251213
384512_320539,1,1,1,1,1,1,1,20251012,20251025
384512_320540,1,1,1,1,1,1,1,20251026,20251213
384512_320543,1,1,1,1,1,1,1,20251012,20251025
384512_320544,1,1,1,1,1,1,1,20251026,20251213
384512_320546,1,1,1,1,1,1,1,20251012,20251025
384512_320547,1,1,1,1,1,1,1,20251026,20251213
384512_320551,1,1,1,1,1,1,1,20251012,20251025
384512_320552,1,1,1,1,1,1,1,20251026,20251213
384512_320553,1,1,1,1,1,0,0,20251012,20251024
384512_320554,1,1,1,1,1,0,0,20251027,20251212
384512_320557,1,1,1,1,1,1,1,20251012,20251025
384512_320558,1,1,1,1,1,1,1,20251026,20251213
384512_320559,1,1,1,1,1,1,1,20251012,20251025
384512_320560,1,1,1,1,1,1,1,20251026,20251213
384512_320564,1,1,1,1,1,1,1,20251012,20251025
384512_320565,1,1,1,1,1,1,1,20251026,20251213
384512_320570,1,1,1,1,1,1,1,20251012,20251025
384512_320571,1,1,1,1,1,1,1,20251026,20251213
384512_320576,1,1,1,1,1,1,1,20251012,20251025
384512_320577,1,1,1,1,1,1,1,20251026,20251213
384512_320580,1,1,1,1,1,1,1,20251012,20251025
384512_320581,1,1,1,1,1,1,1,20251026,20251213
384512_320584,1,1,1,1,1,1,1,20251012,20251025
384512_320585,1,1,1,1,1,1,1,20251026,20251213
384512_320586,1,1,1,1,1,0,0,20251012,20251024
384512_320587,1,1,1,1,1,0,0,20251027,20251212
384512_320590,1,1,1,1,1,1,1,20251012,20251025
384512_320591,1,1,1,1,1,1,1,20251026,20251213
384512_320592,1,1,1,1,1,1,1,20251012,20251025
384512_320593,1,1,1,1,1,1,1,20251026,20251213
384512_320595,1,1,1,1,1,1,1,20251012,20251025
384512_320596,1,1,1,1,1,1,1,20251026,20251213
384513_320604,0,0,0,0,0,0,1,20251012,20251207
384513_320605,1,1,1,1,1,1,0,20251012,20251213
384513_320620,0,0,0,0,0,1,1,20251012,20251025
384513_320621,0,0,0,0,0,1,1,20251026,20251213
384513_320623,1,1,1,1,1,0,0,20251012,20251024
384513_320624,1,1,1,1,1,0,0,20251027,20251212
384513_320634,0,0,0,0,0,1,1,20251012,20251213
384513_320637,1,1,1,1,1,0,0,20251012,20251212
384513_320649,1,1,1,1,1,0,0,20251012,20251212
384513_320653,1,1,1,1,1,1,1,20251012,20251025
384513_320654,1,1,1,1,1,1,1,20251026,20251213
384513_320660,1,1,1,1,1,0,0,20251012,20251212
384513_320663,0,0,0,0,0,1,1,20251012,20251213
384513_320691,0,0,0,0,0,1,1,20251012,20251025
384513_320692,0,0,0,0,0,1,1,20251026,20251213
384513_320746,1,1,1,1,1,1,1,20251012,20251213
384513_320750,1,1,1,1,1,1,1,20251012,20251025
384513_320756,1,1,1,1,1,0,0,20251012,20251024
384513_320757,1,1,1,1,1,0,0,20251027,20251212
384513_320923,1,1,1,1,1,1,1,20251012,20251025
384513_320924,1,1,1,1,1,1,1,20251026,20251213
384513_320934,0,0,0,0,0,1,1,20251012,20251025
384513_320935,0,0,0,0,0,1,1,20251026,20251213
384513_320940,1,1,1,1,1,1,1,20251012,20251213
384513_321037,1,1,1,1,1,1,1,20251012,20251025
384513_321038,1,1,1,1,1,1,1,20251026,20251213
384513_321140,1,1,1,1,1,1,1,20251026,20251213
384513_323525,1,1,1,1,1,0,0,20251012,20251024
384513_323526,1,1,1,1,1,0,0,20251027,20251212
384513_323529,1,1,1,1,1,0,0,20251012,20251212
384513_323532,1,1,1,1,1,1,1,20251012,20251213
384513_323555,1,1,1,1,1,1,1,20251012,20251025
384513_323556,1,1,1,1,1,1,1,20251026,20251213
384513_323559,1,1,1,1,1,0,0,20251012,20251024
384513_323560,1,1,1,1,1,0,0,20251027,20251212
384513_323571,0,0,0,0,0,1,1,20251012,20251025
384513_323572,0,0,0,0,0,1,1,20251026,20251213
384513_323589,1,1,1,1,1,1,1,20251012,20251213
384513_323595,1,1,1,1,1,1,1,20251012,20251025
384513_323596,1,1,1,1,1,1,1,20251026,20251213
384513_323599,1,1,1,1,1,0,0,20251012,20251024
384513_323600,1,1,1,1,1,0,0,20251027,20251212
384513_323616,1,1,1,1,1,0,0,20251012,20251024
384513_323617,1,1,1,1,1,0,0,20251027,20251212
384513_323623,1,1,1,1,1,1,1,20251012,20251213
384513_323629,1,1,1,1,1,0,0,20251012,20251212
384513_323639,0,0,0,0,0,1,1,20251012,20251025
384513_323640,0,0,0,0,0,1,1,20251026,20251213
384513_323670,0,0,0,0,0,1,1,20251012,20251213
384513_323705,1,1,1,1,1,1,1,20251012,20251025
384513_323706,1,1,1,1,1,1,1,20251026,20251213
384513_323720,1,1,1,1,1,1,1,20251012,20251025
384513_323721,1,1,1,1,1,1,1,20251026,20251213
384513_323724,1,1,1,1,1,1,1,20251012,20251025
384513_323725,1,1,1,1,1,1,1,20251026,20251213
384514_320616,1,1,1,1,1,0,0,20251012,20251024
384514_320617,1,1,1,1,1,0,0,20251027,20251212
384514_320629,1,1,1,1,1,0,0,20251012,20251024
384514_320630,1,1,1,1,1,0,0,20251027,20251212
384514_320642,1,1,1,1,1,0,0,20251012,20251024
384514_320643,1,1,1,1,1,0,0,20251027,20251212
384514_320647,0,0,0,0,0,1,1,20251012,20251025
384514_320648,0,0,0,0,0,1,1,20251026,20251213
384514_320667,1,1,1,1,1,1,1,20251012,20251025
384514_320668,1,1,1,1,1,1,1,20251026,20251213
384514_320686,1,1,1,1,1,0,0,20251012,20251024
384514_320687,1,1,1,1,1,0,0,20251027,20251212
384514_320698,1,1,1,1,1,0,0,20251012,20251024
384514_320699,1,1,1,1,1,0,0,20251027,20251212
384514_320730,1,1,1,1,1,0,0,20251012,20251024
384514_320731,1,1,1,1,1,0,0,20251027,20251212
384514_320743,1,1,1,1,1,0,0,20251012,20251024
384514_320744,1,1,1,1,1,0,0,20251027,20251212
384514_320916,1,1,1,1,1,1,1,20251012,20251025
384514_320917,1,1,1,1,1,1,1,20251026,20251213
384514_320929,1,1,1,1,1,0,0,20251012,20251024
384514_320930,1,1,1,1,1,0,0,20251027,20251212
384515_320715,0,0,0,0,0,1,1,20251012,20251025
384515_320720,0,0,0,0,0,1,1,20251012,20251025
384515_320721,0,0,0,0,0,1,1,20251026,20251213
384515_320768,1,1,1,1,1,0,1,20251012,20251024
384515_320769,1,1,1,1,1,0,1,20251026,20251212
384515_320773,1,1,1,1,1,1,1,20251012,20251025
384515_320774,1,1,1,1,1,1,1,20251026,20251213
384515_321139,0,0,0,0,0,1,1,20251026,20251213
384515_323535,0,0,0,0,0,1,0,20251012,20251025
384515_323536,0,0,0,0,0,1,0,20251101,20251213
384515_323550,1,1,1,1,1,1,1,20251012,20251025
384515_323551,1,1,1,1,1,1,1,20251026,20251213
384515_323577,1,1,1,1,1,0,0,20251012,20251024
384515_323578,1,1,1,1,1,0,0,20251027,20251212
384515_323659,0,0,0,0,0,1,1,20251012,20251025
384515_323660,0,0,0,0,0,1,1,20251026,20251213
384515_323700,1,1,1,1,1,0,0,20251012,20251024
384515_323701,1,1,1,1,1,0,0,20251027,20251212
384516_320781,1,1,1,1,1,0,0,20251012,20251024
384516_320782,1,1,1,1,1,0,0,20251027,20251212
384516_323839,1,1,1,1,1,0,0,20251012,20251024
384516_323840,1,1,1,1,1,0,0,20251027,20251212
384516_323947,1,1,1,1,1,0,0,20251012,20251024
384516_323948,1,1,1,1,1,0,0,20251027,20251212
384516_324887,1,1,1,1,1,0,0,20251012,20251024
384516_324888,1,1,1,1,1,0,0,20251027,20251212
384516_324901,1,1,1,1,1,1,1,20251012,20251025
384516_324902,1,1,1,1,1,1,1,20251026,20251213
384516_324916,1,1,1,1,1,0,0,20251012,20251024
384516_324917,1,1,1,1,1,0,0,20251027,20251212
384516_324925,1,1,1,1,1,1,1,20251012,20251025
384516_324926,1,1,1,1,1,1,1,20251026,20251213
384516_324946,1,1,1,1,1,0,0,20251027,20251212
384516_324976,1,1,1,1,1,1,1,20251012,20251025
384516_324977,1,1,1,1,1,1,1,20251026,20251213
384517_320812,1,1,1,1,1,0,0,20251012,20251024
384517_320813,1,1,1,1,1,0,0,20251027,20251212
384517_320818,1,1,1,1,1,0,0,20251012,20251024
384517_320819,1,1,1,1,1,0,0,20251027,20251212
384517_320824,1,1,1,1,1,0,0,20251012,20251024
384517_320825,1,1,1,1,1,0,0,20251027,20251212
384517_320830,1,1,1,1,1,0,0,20251012,20251024
384517_320831,1,1,1,1,1,0,0,20251027,20251212
384517_320835,1,1,1,1,1,0,0,20251012,20251024
384517_320836,1,1,1,1,1,0,0,20251027,20251212
384517_320841,1,1,1,1,1,0,0,20251012,20251024
384517_320842,1,1,1,1,1,0,0,20251027,20251212
384517_320847,1,1,1,1,1,0,0,20251012,20251024
384517_320848,1,1,1,1,1,0,0,20251027,20251212
384517_320855,1,1,1,1,1,0,0,20251012,20251024
384517_320856,1,1,1,1,1,0,0,20251027,20251212
384517_320860,1,1,1,1,1,0,0,20251012,20251024
384517_320861,1,1,1,1,1,0,0,20251027,20251212
384517_320865,1,1,1,1,1,0,0,20251012,20251024
384517_320866,1,1,1,1,1,0,0,20251027,20251212
384517_320893,1,1,1,1,1,1,1,20251012,20251025
384517_320894,1,1,1,1,1,1,1,20251026,20251213
384517_320945,1,1,1,1,1,1,1,20251012,20251025
384517_320946,1,1,1,1,1,1,1,20251026,20251213
384517_320963,1,1,1,1,1,1,1,20251012,20251025
384517_320964,1,1,1,1,1,1,1,20251026,20251213
384517_321169,1,1,1,1,1,1,1,20251012,20251025
384517_321170,1,1,1,1,1,1,1,20251026,20251213
384517_321183,0,0,0,0,0,1,1,20251012,20251025
384517_321184,0,0,0,0,0,1,1,20251026,20251213
384517_321240,1,1,1,1,1,0,0,20251012,20251024
384517_321241,1,1,1,1,1,0,0,20251027,20251212
384517_322292,1,1,1,1,1,0,0,20251012,20251024
384517_322293,1,1,1,1,1,0,0,20251027,20251212
384517_322307,1,1,1,1,1,1,1,20251012,20251025
384517_322308,1,1,1,1,1,1,1,20251026,20251213
384517_322313,0,0,0,0,0,1,1,20251012,20251025
384517_322314,0,0,0,0,0,1,1,20251026,20251213
384517_322329,1,1,1,1,1,0,0,20251012,20251024
384517_322330,1,1,1,1,1,0,0,20251027,20251212
384517_322334,0,0,0,0,1,0,0,20251012,20251024
384517_322335,0,0,0,0,0,1,0,20251012,20251025
384517_322336,0,0,0,0,1,1,0,20251031,20251213
384517_322340,1,1,1,1,1,0,0,20251012,20251024
384517_322342,1,1,1,1,1,0,0,20251027,20251212
384517_322358,1,1,1,1,1,0,0,20251012,20251024
384517_322359,1,1,1,1,1,0,0,20251027,20251212
384517_322468,1,1,1,1,1,1,1,20251012,20251025
384517_322469,1,1,1,1,1,1,1,20251026,20251213
384517_322474,1,1,1,1,1,1,1,20251012,20251025
384517_322475,1,1,1,1,1,1,1,20251026,20251213
384517_322479,1,1,1,1,1,0,0,20251012,20251024
384517_322480,1,1,1,1,1,0,0,20251027,20251212
384517_322484,1,1,1,1,1,1,1,20251012,20251025
384517_322485,1,1,1,1,1,1,1,20251026,20251213
384517_322489,1,1,1,1,1,0,0,20251012,20251024
384517_322490,1,1,1,1,1,0,0,20251027,20251212
384517_322536,1,1,1,1,1,0,0,20251012,20251024
384517_322537,1,1,1,1,1,0,0,20251027,20251212
384517_322541,1,1,1,1,1,0,0,20251012,20251024
384517_322542,1,1,1,1,1,0,0,20251027,20251212
384517_322546,1,1,1,1,1,0,0,20251012,20251024
384517_322547,1,1,1,1,1,0,0,20251027,20251212
384517_322551,1,1,1,1,1,0,0,20251012,20251024
384517_322552,1,1,1,1,1,0,0,20251027,20251212
384517_322568,1,1,1,1,1,1,1,20251012,20251025
384517_322569,1,1,1,1,1,1,1,20251026,20251213
384517_322605,1,1,1,1,1,0,0,20251012,20251024
384517_322606,1,1,1,1,1,0,0,20251027,20251212
384517_322619,1,1,1,1,1,0,0,20251012,20251024
384517_322620,1,1,1,1,1,0,0,20251027,20251212
384517_322634,1,1,1,1,1,1,1,20251012,20251025
384517_322635,1,1,1,1,1,1,1,20251026,20251213
384517_322646,1,1,1,1,1,1,1,20251012,20251025
384517_322647,1,1,1,1,1,1,1,20251026,20251213
384517_322655,1,1,1,1,1,0,0,20251012,20251024
384517_322656,1,1,1,1,1,0,0,20251027,20251212
384517_322666,1,1,1,1,1,0,0,20251012,20251024
384517_322667,1,1,1,1,1,0,0,20251027,20251212
384517_322672,1,1,1,1,1,1,1,20251012,20251025
384517_322673,1,1,1,1,1,1,1,20251026,20251213
384517_322679,1,1,1,1,1,0,0,20251012,20251024
384517_322680,1,1,1,1,1,0,0,20251027,20251212
384517_322684,1,1,1,1,0,0,1,20251012,20251023
384517_322685,1,1,1,1,0,0,1,20251026,20251211
384517_322689,0,0,0,0,1,1,0,20251012,20251025
384517_322690,0,0,0,0,1,1,0,20251031,20251213
384517_322703,1,1,1,1,0,0,1,20251012,20251023
384517_322704,1,1,1,1,0,0,1,20251026,20251211
384517_322712,0,0,0,0,1,1,0,20251012,20251025
384517_322713,0,0,0,0,1,1,0,20251031,20251213
384517_322733,1,1,1,1,1,1,1,20251012,20251025
384517_322734,1,1,1,1,1,1,1,20251026,20251213
384517_322739,1,1,1,1,1,1,1,20251012,20251025
384517_322740,1,1,1,1,1,1,1,20251026,20251213
384517_322747,1,1,1,1,1,0,0,20251012,20251024
384517_322748,1,1,1,1,1,0,0,20251027,20251212
384517_322755,0,0,0,0,0,1,1,20251012,20251025
384517_322756,0,0,0,0,0,1,1,20251026,20251213
384518_320877,1,1,1,1,1,0,0,20251012,20251024
384518_320880,1,1,1,1,1,0,0,20251027,20251212
384518_323729,0,0,0,0,0,1,1,20251012,20251025
384518_323730,0,0,0,0,0,1,1,20251026,20251213
384518_323739,1,1,1,1,1,1,1,20251012,20251025
384518_323740,1,1,1,1,1,1,1,20251026,20251213
384518_323745,1,1,1,1,1,0,0,20251012,20251024
384518_323746,1,1,1,1,1,0,0,20251027,20251212
384518_323757,1,1,1,1,1,0,0,20251012,20251024
384518_323758,1,1,1,1,1,0,0,20251027,20251212
384518_323762,0,0,0,0,0,1,1,20251012,20251025
384518_323763,0,0,0,0,0,1,1,20251026,20251213
384518_323780,1,1,1,1,1,1,1,20251012,20251213
384518_323784,1,1,1,1,1,1,1,20251012,20251025
384518_323785,1,1,1,1,1,1,1,20251026,20251213
384518_323789,1,1,1,1,1,0,0,20251012,20251024
384518_323790,1,1,1,1,1,0,0,20251027,20251212
384518_323795,1,1,1,1,1,0,0,20251012,20251024
384518_323796,1,1,1,1,1,0,0,20251027,20251212
384518_323806,1,1,1,1,1,1,1,20251012,20251025
384518_323807,1,1,1,1,1,1,1,20251026,20251213
384518_323813,1,1,1,1,1,0,0,20251012,20251024
384518_323814,1,1,1,1,1,0,0,20251027,20251212
384518_323826,0,0,0,0,0,1,1,20251012,20251025
384518_323827,1,1,1,1,1,0,0,20251012,20251024
384518_323828,1,1,1,1,1,1,1,20251026,20251213
384518_323832,0,0,0,0,0,1,1,20251012,20251025
384518_323833,0,0,0,0,0,1,1,20251026,20251213
384518_323835,1,1,1,1,1,0,0,20251012,20251024
384518_323844,1,1,1,1,1,0,0,20251012,20251024
384518_323845,1,1,1,1,1,0,0,20251027,20251212
384518_323851,0,0,0,0,0,1,1,20251012,20251025
384518_323852,0,0,0,0,0,1,1,20251026,20251213
384518_323888,0,0,0,0,0,1,1,20251012,20251025
384518_323889,0,0,0,0,0,1,1,20251026,20251213
384518_323893,1,1,1,1,1,0,0,20251012,20251024
384518_323894,1,1,1,1,1,0,0,20251027,20251212
384518_323902,0,0,0,0,0,1,1,20251012,20251025
384518_323903,0,0,0,0,0,1,1,20251026,20251213
384518_323909,1,1,1,1,1,0,0,20251012,20251024
384518_323910,1,1,1,1,1,0,0,20251027,20251212
384518_323914,0,0,0,0,0,1,1,20251012,20251025
384518_323915,0,0,0,0,0,1,1,20251026,20251213
384518_323925,1,1,1,1,1,0,0,20251012,20251024
384518_323926,1,1,1,1,1,0,0,20251027,20251212
384518_323930,1,1,1,1,1,0,0,20251012,20251024
384518_323931,1,1,1,1,1,0,0,20251027,20251212
384518_323936,1,1,1,1,1,0,0,20251012,20251024
384518_323937,1,1,1,1,1,0,0,20251027,20251212
384518_323941,1,1,1,1,1,1,1,20251012,20251025
384518_323942,1,1,1,1,1,1,1,20251026,20251213
384518_323952,1,1,1,1,1,1,1,20251012,20251025
384518_323953,1,1,1,1,1,1,1,20251026,20251213
384518_323966,1,1,1,1,1,0,0,20251012,20251024
384518_323967,1,1,1,1,1,0,0,20251027,20251212
384518_323971,1,1,1,1,1,0,0,20251012,20251024
384518_323972,1,1,1,1,1,0,0,20251027,20251212
384518_323976,1,1,1,1,1,1,1,20251012,20251025
384518_323977,1,1,1,1,1,1,1,20251026,20251213
384518_323998,1,1,1,1,1,1,1,20251012,20251025
384518_324001,1,1,1,1,1,1,1,20251026,20251213
384519_320886,1,1,1,1,1,1,1,20251012,20251017
384519_320887,1,1,1,1,1,1,1,20251018,20251025
384519_320888,1,1,1,1,1,1,1,20251026,20251213
384519_321835,1,1,1,1,1,1,1,20251012,20251017
384520_320987,0,0,0,0,0,1,1,20251012,20251025
384520_320988,0,0,0,0,0,1,1,20251026,20251213
384521_320997,1,1,1,1,1,1,1,20251012,20251025
384521_320998,1,1,1,1,1,1,1,20251026,20251213
384521_321002,0,0,0,0,0,1,1,20251012,20251213
384522_321009,1,1,1,1,1,1,1,20251012,20251025
384522_321010,1,1,1,1,1,1,1,20251026,20251213
384522_321018,0,0,0,0,0,1,1,20251012,20251025
384522_321019,0,0,0,0,0,1,1,20251026,20251213
384524_321039,1,1,1,1,1,1,1,20251026,20251213
384524_321043,1,1,1,1,1,1,1,20251012,20251025
384524_321044,1,1,1,1,1,1,1,20251026,20251213
384524_321048,1,1,1,1,1,1,1,20251012,20251025
384524_321057,0,0,0,0,0,0,1,20251012,20251019
384524_321060,1,1,1,1,1,0,0,20251012,20251024
384524_321061,0,0,0,0,0,0,1,20251026,20251207
384524_321062,1,1,1,1,1,0,0,20251027,20251212
384524_321066,1,1,1,1,1,1,1,20251012,20251025
384524_321067,1,1,1,1,1,1,1,20251026,20251213
384524_321077,1,1,1,1,1,0,0,20251012,20251024
384524_321078,1,1,1,1,1,0,0,20251027,20251212
384524_321093,1,1,1,1,1,1,1,20251012,20251025
384524_321094,1,1,1,1,1,1,1,20251026,20251213
384524_321100,1,1,1,1,1,1,1,20251012,20251025
384524_321101,1,1,1,1,1,1,1,20251026,20251213
384524_321304,1,1,1,1,1,1,1,20251012,20251025
384524_321305,1,1,1,1,1,1,1,20251026,20251213
384524_321309,1,1,1,1,1,0,0,20251012,20251024
384524_321310,1,1,1,1,1,0,0,20251027,20251212
384524_321313,1,1,1,1,1,1,1,20251012,20251025
384524_321314,1,1,1,1,1,1,1,20251026,20251213
384524_321327,0,0,0,0,0,1,1,20251012,20251025
384524_321328,1,1,1,1,1,0,0,20251012,20251024
384524_321329,1,1,1,1,1,1,1,20251026,20251213
384524_321337,1,1,1,1,1,1,1,20251012,20251025
384524_321338,1,1,1,1,1,1,1,20251026,20251213
384524_321350,1,1,1,1,1,1,1,20251012,20251025
384524_321351,1,1,1,1,1,1,1,20251026,20251213
384524_321354,0,0,0,0,0,1,1,20251012,20251213
384524_321359,1,1,1,1,1,1,1,20251012,20251025
384524_321360,1,1,1,1,1,1,1,20251026,20251213
384524_321366,1,1,1,1,1,1,1,20251012,20251025
384524_321367,1,1,1,1,1,1,1,20251026,20251213
384524_321372,1,1,1,1,1,1,1,20251012,20251025
384524_321373,1,1,1,1,1,1,1,20251026,20251213
384524_321379,1,1,1,1,1,1,1,20251012,20251025
384524_321380,1,1,1,1,1,1,1,20251026,20251213
384524_321384,1,1,1,1,1,1,1,20251012,20251025
384524_321385,1,1,1,1,1,1,1,20251026,20251213
384524_321394,1,1,1,1,1,0,0,20251012,20251024
384524_321395,1,1,1,1,1,0,0,20251027,20251212
384524_321402,1,1,1,1,1,1,1,20251012,20251025
384524_321403,1,1,1,1,1,1,1,20251026,20251213
384524_321410,1,1,1,1,1,1,1,20251012,20251025
384524_321411,1,1,1,1,1,1,1,20251026,20251213
384524_321420,1,1,1,1,1,1,1,20251012,20251213
384524_321437,1,1,1,1,1,1,1,20251012,20251025
384524_321438,1,1,1,1,1,1,1,20251026,20251213
384524_321443,1,1,1,1,1,1,1,20251012,20251025
384524_321444,1,1,1,1,1,1,1,20251026,20251213
384524_321466,1,1,1,1,1,1,1,20251012,20251025
384524_321467,1,1,1,1,1,1,1,20251026,20251213
384524_321473,1,1,1,1,1,1,0,20251012,20251025
384524_321474,1,1,1,1,1,1,0,20251027,20251213
384524_321480,0,0,0,0,0,0,1,20251012,20251019
384524_321481,0,0,0,0,0,0,1,20251026,20251207
384524_321486,1,1,1,1,0,0,0,20251012,20251023
384524_321487,1,1,1,1,0,0,0,20251027,20251211
384524_321492,0,0,0,0,0,1,1,20251012,20251025
384524_321493,0,0,0,0,0,1,1,20251026,20251213
384524_321499,1,1,1,1,1,0,0,20251012,20251024
384524_321500,1,1,1,1,1,0,0,20251027,20251212
384524_321506,1,1,1,1,1,1,1,20251012,20251213
384524_323275,1,1,1,1,1,0,0,20251012,20251024
384524_323277,1,1,1,1,1,0,0,20251027,20251212
384525_321117,1,1,1,1,1,1,1,20251018,20251018
384525_324482,0,0,0,0,0,1,1,20251012,20251025
384525_324483,0,0,0,0,0,1,1,20251026,20251213
384525_324506,1,1,1,1,1,0,0,20251012,20251024
384525_324507,1,1,1,1,1,0,0,20251027,20251212
384525_324517,1,1,1,1,1,1,1,20251012,20251025
384525_324518,1,1,1,1,1,1,1,20251026,20251213
384525_324523,1,1,1,1,1,0,0,20251012,20251024
384525_324524,1,1,1,1,1,0,0,20251027,20251212
384525_324529,1,1,1,1,1,1,1,20251012,20251025
384525_324530,1,1,1,1,1,1,1,20251026,20251213
384525_324557,1,1,1,1,1,0,0,20251012,20251024
384525_324558,1,1,1,1,1,0,0,20251027,20251212
384525_324569,1,1,1,1,1,0,0,20251012,20251024
384525_324570,1,1,1,1,1,0,0,20251027,20251212
384525_324580,1,1,1,1,1,1,1,20251012,20251025
384525_324581,1,1,1,1,1,1,1,20251026,20251213
384525_324586,1,1,1,1,1,1,1,20251012,20251025
384525_324587,1,1,1,1,1,1,1,20251026,20251213
384525_324590,1,1,1,1,1,1,0,20251012,20251025
384525_324591,1,1,1,1,1,1,0,20251027,20251213
384525_324595,0,0,0,0,0,1,1,20251012,20251025
384525_324599,1,1,1,1,1,0,0,20251012,20251024
384525_324600,0,0,0,0,0,1,1,20251026,20251213
384525_324601,1,1,1,1,1,0,0,20251027,20251212
384525_324607,1,1,1,1,1,1,1,20251012,20251025
384525_324608,1,1,1,1,1,1,1,20251026,20251213
384525_324612,0,0,0,0,0,1,1,20251012,20251025
384525_324613,0,0,0,0,0,1,1,20251026,20251213
384525_324616,1,1,1,1,1,0,0,20251012,20251024
384525_324617,1,1,1,1,1,0,0,20251027,20251212
384525_324621,1,1,1,1,1,1,1,20251012,20251025
384525_324622,1,1,1,1,1,1,1,20251026,20251213
384525_324626,1,1,1,1,1,1,1,20251012,20251025
384525_324627,1,1,1,1,1,1,1,20251026,20251213
384525_324631,1,1,1,1,1,0,0,20251012,20251024
384525_324632,1,1,1,1,1,0,0,20251027,20251212
384525_324636,1,1,1,1,1,1,1,20251012,20251025
384525_324637,1,1,1,1,1,1,1,20251026,20251213
384525_324641,1,1,1,1,1,0,0,20251012,20251024
384525_324642,1,1,1,1,1,0,0,20251027,20251212
384525_324647,1,1,1,1,1,0,0,20251012,20251024
384525_324648,1,1,1,1,1,0,0,20251027,20251212
384525_324652,1,1,1,1,1,0,0,20251012,20251024
384525_324653,1,1,1,1,1,0,0,20251027,20251212
384525_324659,1,1,1,1,1,1,1,20251012,20251213
384526_321128,0,0,0,0,1,0,0,20251031,20251212
384526_321145,0,0,0,0,1,0,0,20251017,20251024
384526_321224,1,1,1,1,1,0,0,20251012,20251212
384526_321679,1,1,1,1,1,0,0,20251012,20251017
384526_321680,1,1,1,1,1,1,1,20251020,20251024
384526_321681,1,1,1,1,1,0,0,20251027,20251212
384526_321696,1,1,1,1,1,1,1,20251020,20251020
384526_321697,1,0,0,0,0,0,0,20251027,20251208
384526_321701,1,1,1,1,1,1,1,20251020,20251024
384526_321702,1,1,1,1,1,0,0,20251027,20251212
384526_321710,1,1,1,1,1,1,1,20251012,20251017
384526_321711,1,1,1,1,1,1,1,20251018,20251025
384526_321712,1,1,1,1,1,1,1,20251026,20251213
384526_321717,1,1,1,1,1,1,1,20251017,20251025
384526_321718,1,1,1,1,1,1,1,20251026,20251213
384526_324006,1,1,1,1,1,0,0,20251012,20251212
384526_324029,1,1,1,1,1,0,0,20251012,20251017
384526_324030,1,1,1,1,1,1,1,20251020,20251024
384526_324031,1,1,1,1,1,0,0,20251027,20251212
384526_324040,0,0,0,0,0,1,1,20251012,20251012
384526_324041,0,0,0,0,0,1,1,20251018,20251025
384526_324042,0,0,0,0,0,1,1,20251026,20251213
384526_324053,1,1,1,1,1,0,0,20251012,20251017
384526_324054,1,1,1,1,1,1,1,20251020,20251024
384526_324055,1,1,1,1,1,0,0,20251027,20251212
384526_324062,1,1,1,1,1,1,1,20251012,20251012
384526_324063,0,0,0,0,0,1,1,20251018,20251025
384526_324064,0,0,0,0,0,1,1,20251026,20251213
384526_324104,1,1,1,1,1,0,0,20251012,20251016
384526_324105,0,0,0,0,0,1,1,20251012,20251012
384526_324106,1,1,1,1,1,1,1,20251017,20251025
384526_324107,1,1,1,1,1,1,1,20251026,20251213
384526_324117,1,1,1,1,1,1,1,20251012,20251016
384526_324118,1,1,1,1,1,1,1,20251017,20251025
384526_324119,1,1,1,1,1,1,1,20251026,20251213
384526_324137,1,1,1,1,1,0,0,20251012,20251212
384526_324154,1,1,1,1,1,1,1,20251012,20251017
384526_324155,1,1,1,1,1,1,1,20251018,20251025
384526_324156,1,1,1,1,1,1,1,20251026,20251213
384526_324178,1,1,1,1,1,0,0,20251012,20251017
384526_324179,1,1,1,1,1,1,1,20251020,20251024
384526_324180,1,1,1,1,1,0,0,20251027,20251212
384526_324187,1,1,1,1,1,1,1,20251012,20251017
384526_324188,1,1,1,1,1,1,1,20251018,20251025
384526_324189,1,1,1,1,1,1,1,20251026,20251213
384526_324216,1,1,1,1,1,1,1,20251012,20251016
384526_324217,1,1,1,1,1,1,1,20251017,20251025
384526_324218,1,1,1,1,1,1,1,20251026,20251213
384526_324243,1,1,1,1,1,0,0,20251012,20251016
384526_324244,1,1,1,1,1,0,0,20251017,20251024
384526_324245,1,1,1,1,1,0,0,20251027,20251212
384526_324250,1,1,1,1,1,1,1,20251012,20251016
384526_324265,1,1,1,1,1,1,1,20251017,20251025
384526_324266,1,1,1,1,1,1,1,20251026,20251213
384526_324470,1,1,1,1,1,1,1,20251012,20251017
384526_324471,1,1,1,1,1,1,1,20251018,20251025
384526_324472,1,1,1,1,1,1,1,20251026,20251213
384529_321158,1,1,1,1,1,1,1,20251012,20251025
384529_321159,1,1,1,1,1,1,1,20251026,20251213
384529_321200,1,1,1,1,1,1,1,20251012,20251025
384529_321201,1,1,1,1,1,1,1,20251026,20251213
384529_321205,1,1,1,1,1,0,0,20251012,20251024
384529_321206,1,1,1,1,1,0,0,20251027,20251212
384529_322276,0,0,0,0,0,1,1,20251012,20251025
384529_322277,0,0,0,0,0,1,1,20251026,20251213
384529_322285,0,0,0,0,0,1,1,20251012,20251025
384529_322286,0,0,0,0,0,1,1,20251026,20251213
384529_322299,1,1,1,1,1,1,1,20251012,20251025
384529_322300,1,1,1,1,1,1,1,20251026,20251213
384529_322323,0,0,0,0,0,1,1,20251012,20251025
384529_322324,0,0,0,0,0,1,1,20251026,20251213
384529_322346,0,0,0,0,0,1,1,20251012,20251025
384529_322347,0,0,0,0,0,1,1,20251026,20251213
384529_322352,0,0,0,0,0,1,1,20251012,20251025
384529_322353,0,0,0,0,0,1,1,20251026,20251213
384529_322508,1,1,1,1,1,1,1,20251012,20251025
384529_322509,1,1,1,1,1,1,1,20251026,20251213
384529_322517,1,1,1,1,1,1,1,20251012,20251025
384529_322519,1,1,1,1,1,1,1,20251026,20251213
384529_322527,1,1,1,1,1,1,1,20251012,20251025
384529_322529,1,1,1,1,1,1,1,20251026,20251213
384529_322562,1,1,1,1,1,1,1,20251012,20251025
384529_322563,1,1,1,1,1,1,1,20251026,20251213
384529_322571,1,1,1,1,1,1,1,20251012,20251025
384529_322572,1,1,1,1,1,1,1,20251026,20251213
384529_322593,1,1,1,1,1,1,1,20251012,20251025
384529_322594,1,1,1,1,1,1,1,20251026,20251213
384529_322613,1,1,1,1,1,1,1,20251012,20251025
384529_322614,1,1,1,1,1,1,1,20251026,20251213
384529_322626,0,0,0,0,0,1,1,20251012,20251025
384529_322627,1,1,1,1,1,0,0,20251012,20251024
384529_322628,1,1,1,1,1,1,1,20251026,20251213
384529_322640,1,1,1,1,1,1,1,20251012,20251025
384529_322641,1,1,1,1,1,1,1,20251026,20251213
384529_322661,1,1,1,1,1,1,1,20251012,20251025
384529_322662,1,1,1,1,1,1,1,20251026,20251213
384530_321190,0,0,0,0,0,1,1,20251012,20251025
384530_321191,0,0,0,0,0,1,1,20251026,20251213
384530_321511,1,1,1,1,1,0,0,20251012,20251024
384530_321512,1,1,1,1,1,0,0,20251027,20251212
384530_321517,0,0,0,0,0,1,1,20251012,20251025
384530_321518,0,0,0,0,0,1,1,20251026,20251213
384530_321523,1,1,1,1,1,0,0,20251012,20251024
384530_321524,1,1,1,1,1,0,0,20251027,20251212
384530_321529,1,1,1,1,1,0,0,20251012,20251024
384530_321530,1,1,1,1,1,0,0,20251027,20251212
384530_321536,1,1,1,1,1,1,1,20251012,20251025
384530_321537,1,1,1,1,1,1,1,20251026,20251213
384530_321543,1,1,1,1,1,1,1,20251012,20251025
384530_321544,1,1,1,1,1,1,1,20251026,20251213
384530_321549,1,1,1,1,1,0,0,20251012,20251024
384530_321550,1,1,1,1,1,0,0,20251027,20251212
384530_321558,0,0,0,0,0,1,1,20251012,20251025
384530_321559,1,1,1,1,1,0,0,20251012,20251024
384530_321560,1,1,1,1,1,1,1,20251026,20251213
384530_321565,1,1,1,1,1,0,0,20251012,20251024
384530_321566,1,1,1,1,1,0,0,20251027,20251212
384530_321571,1,1,1,1,1,1,1,20251012,20251025
384530_321572,1,1,1,1,1,1,1,20251026,20251213
384530_321577,1,1,1,1,1,0,0,20251012,20251024
384530_321578,1,1,1,1,1,0,0,20251027,20251212
384530_321583,0,0,0,0,0,1,1,20251012,20251025
384530_321584,0,0,0,0,0,1,1,20251026,20251213
384530_321589,1,1,1,1,1,0,0,20251012,20251024
384530_321590,1,1,1,1,1,0,0,20251027,20251212
384530_321596,1,1,1,1,1,1,1,20251012,20251025
384530_321597,1,1,1,1,1,1,1,20251026,20251213
384530_321603,1,1,1,1,1,1,1,20251012,20251025
384530_321604,1,1,1,1,1,1,1,20251026,20251213
384530_321610,1,1,1,1,1,1,1,20251012,20251025
384530_321611,1,1,1,1,1,1,1,20251026,20251213
384530_321616,1,1,1,1,1,0,0,20251012,20251024
384530_321617,1,1,1,1,1,0,0,20251027,20251212
384530_321622,1,1,1,1,1,1,1,20251012,20251025
384530_321623,1,1,1,1,1,1,1,20251026,20251213
384530_321628,1,1,1,1,1,0,0,20251012,20251024
384530_321629,1,1,1,1,1,0,0,20251027,20251212
384530_321634,1,1,1,1,1,1,1,20251012,20251025
384530_321635,1,1,1,1,1,1,1,20251026,20251213
384532_321246,1,1,1,1,1,0,0,20251012,20251024
384532_321247,1,1,1,1,1,0,0,20251027,20251212
384532_323751,0,0,0,0,0,1,1,20251012,20251025
384532_323752,0,0,0,0,0,1,1,20251026,20251213
384532_323855,1,1,1,1,1,0,0,20251012,20251024
384532_323856,1,1,1,1,1,0,0,20251027,20251212
384532_323859,0,0,0,0,0,1,1,20251012,20251025
384532_323860,0,0,0,0,0,1,1,20251026,20251213
384543_321686,1,1,1,1,1,1,1,20251012,20251025
384543_321687,1,1,1,1,1,1,1,20251026,20251213
384543_321794,1,1,1,1,1,1,1,20251012,20251213
384543_321797,1,1,1,1,1,0,0,20251012,20251024
384543_321798,1,1,1,1,1,0,0,20251027,20251212
384543_322443,1,1,1,1,1,1,1,20251012,20251025
384543_322444,1,1,1,1,1,1,1,20251026,20251213
384543_322448,1,1,1,1,1,1,1,20251012,20251025
384543_322449,1,1,1,1,1,1,1,20251026,20251213
384543_322453,1,1,1,1,1,1,1,20251012,20251025
384543_322454,1,1,1,1,1,1,1,20251026,20251213
384543_322458,1,1,1,1,1,1,1,20251012,20251025
384543_322459,1,1,1,1,1,1,1,20251026,20251213
384543_324143,1,1,1,1,1,0,0,20251012,20251212
384543_324473,1,1,1,1,1,1,1,20251012,20251213
384543_324474,0,0,0,0,0,1,1,20251012,20251213
384543_324475,1,1,1,1,1,1,1,20251012,20251213
384543_324478,1,1,1,1,1,0,0,20251012,20251212
384550_321800,1,1,1,1,1,0,0,20251012,20251212
384550_321806,1,1,1,1,1,1,1,20251012,20251017
384550_321807,1,1,1,1,1,1,1,20251018,20251025
384550_321808,1,1,1,1,1,1,1,20251026,20251213
384550_321811,1,1,1,1,1,1,1,20251012,20251213
384550_321817,1,1,1,1,1,0,0,20251012,20251024
384550_321818,1,1,1,1,1,0,0,20251027,20251212
384550_321832,1,1,1,1,1,0,0,20251012,20251024
384550_321833,1,1,1,1,1,0,0,20251027,20251212
384550_321845,1,1,1,1,1,1,1,20251012,20251213
384550_321852,1,1,1,1,1,0,0,20251012,20251212
384550_321855,0,0,0,0,0,1,1,20251012,20251213
384550_321858,1,1,1,1,1,0,0,20251012,20251212
384551_321840,1,1,1,1,1,1,1,20251018,20251025
384551_321841,1,1,1,1,1,1,1,20251026,20251213
384553_321894,1,1,1,1,1,1,1,20251012,20251025
384553_321895,1,1,1,1,1,1,1,20251026,20251213
384553_321899,1,1,1,1,1,1,1,20251012,20251025
384553_321900,1,1,1,1,1,1,1,20251026,20251213
384553_322122,1,1,1,1,1,1,1,20251012,20251025
384553_322123,1,1,1,1,1,1,1,20251026,20251213
384553_324696,0,0,0,0,0,1,1,20251012,20251025
384553_324697,0,0,0,0,0,1,1,20251026,20251213
384553_324847,1,1,1,1,1,1,1,20251012,20251025
384553_324848,1,1,1,1,1,1,1,20251026,20251213
384553_324855,1,1,1,1,1,1,1,20251012,20251025
384553_324856,1,1,1,1,1,1,1,20251026,20251213
384553_324864,0,0,0,0,1,0,0,20251012,20251024
384553_324865,0,0,0,0,1,0,0,20251031,20251212
384553_324878,1,1,1,1,1,1,1,20251012,20251024
384553_324879,1,1,1,1,1,1,1,20251025,20251025
384553_324880,1,1,1,1,1,1,1,20251026,20251213
384561_321975,1,1,1,1,1,1,1,20251012,20251025
384561_321976,1,1,1,1,1,1,1,20251026,20251213
384561_321980,1,1,1,1,1,1,1,20251012,20251025
384561_321981,1,1,1,1,1,1,1,20251026,20251213
384561_321994,1,1,1,1,1,1,1,20251012,20251020
384561_321995,1,1,1,1,1,1,1,20251015,20251017
384561_321996,1,1,1,1,1,1,1,20251021,20251024
384561_321997,1,1,1,1,1,1,1,20251025,20251025
384561_321998,1,1,1,1,1,1,1,20251026,20251213
384561_322022,1,1,1,1,1,1,1,20251012,20251020
384561_322023,0,1,1,1,1,1,0,20251015,20251025
384561_322024,1,1,1,1,1,1,1,20251026,20251213
384561_322031,1,1,1,1,1,1,1,20251012,20251025
384561_322032,1,1,1,1,1,1,1,20251026,20251213
384561_322037,1,1,1,1,1,1,1,20251012,20251025
384561_322038,1,1,1,1,1,1,1,20251026,20251213
384561_322043,0,0,0,0,0,1,1,20251012,20251025
384561_322044,0,0,0,0,0,1,1,20251026,20251213
384561_322055,1,1,1,1,1,1,1,20251012,20251025
384561_322056,1,1,1,1,1,1,1,20251026,20251213
384561_322064,1,1,1,1,1,1,1,20251012,20251025
384561_322065,1,1,1,1,1,1,1,20251026,20251213
384561_322074,0,0,0,0,1,0,0,20251012,20251024
384561_322075,0,0,0,0,1,0,0,20251031,20251212
384561_322089,1,1,1,1,1,0,0,20251012,20251020
384561_322090,0,0,0,0,0,1,1,20251012,20251019
384561_322091,1,1,1,1,1,1,1,20251021,20251024
384561_322092,1,1,1,1,1,1,1,20251025,20251025
384561_322093,1,1,1,1,1,1,1,20251026,20251213
384561_322103,1,1,1,1,1,1,1,20251012,20251025
384561_322104,1,1,1,1,1,1,1,20251026,20251213
384561_324747,1,1,1,1,1,1,1,20251012,20251025
384561_324748,1,1,1,1,1,1,1,20251026,20251213
384561_324753,1,1,1,1,1,1,1,20251012,20251025
384561_324754,1,1,1,1,1,1,1,20251026,20251213
384561_324780,1,1,1,1,1,1,1,20251012,20251025
384561_324781,1,1,1,1,1,1,1,20251026,20251213
384561_324791,1,1,1,1,1,1,1,20251012,20251025
384561_324792,1,1,1,1,1,1,1,20251026,20251213
384561_324797,1,1,1,1,1,1,1,20251012,20251025
384561_324798,1,1,1,1,1,1,1,20251026,20251213
384561_324806,1,1,1,1,1,1,1,20251012,20251025
384561_324807,1,1,1,1,1,1,1,20251026,20251213
384561_324815,1,1,1,1,1,1,1,20251012,20251025
384561_324816,1,1,1,1,1,1,1,20251026,20251213
384561_324824,1,1,1,1,1,1,1,20251012,20251025
384561_324825,1,1,1,1,1,1,1,20251026,20251213
384561_324834,1,1,1,1,1,1,1,20251012,20251025
384561_324835,1,1,1,1,1,1,1,20251026,20251213
384561_324840,1,1,1,1,1,1,1,20251012,20251025
384561_324841,1,1,1,1,1,1,1,20251026,20251213
384584_322129,1,1,1,1,1,1,1,20251012,20251025
384584_322130,1,1,1,1,1,1,1,20251026,20251213
384584_322136,1,1,1,1,1,0,0,20251012,20251024
384584_322137,1,1,1,1,1,0,0,20251027,20251212
384584_322154,1,1,1,1,1,1,1,20251012,20251025
384584_322155,1,1,1,1,1,1,1,20251026,20251213
384584_322176,1,1,1,1,1,1,1,20251012,20251025
384584_322177,1,1,1,1,1,1,1,20251026,20251213
384584_322185,1,1,1,1,1,1,1,20251012,20251025
384584_322186,1,1,1,1,1,1,1,20251026,20251213
384584_322216,0,0,0,0,0,1,1,20251012,20251025
384584_322217,1,1,1,1,1,0,0,20251012,20251024
384584_322218,1,1,1,1,1,1,1,20251026,20251213
384584_322224,1,1,1,1,1,0,0,20251012,20251024
384584_322225,1,1,1,1,1,0,0,20251027,20251212
384584_323875,1,1,1,1,1,0,0,20251012,20251024
384584_323876,1,1,1,1,1,0,0,20251027,20251212
384585_322143,0,0,0,0,0,1,1,20251012,20251025
384585_322144,0,0,0,0,0,1,1,20251026,20251213
384585_322232,0,0,0,0,0,1,1,20251012,20251025
384585_322233,0,0,0,0,0,1,1,20251026,20251213
384585_324894,0,0,0,0,0,1,1,20251012,20251025
384585_324895,0,0,0,0,0,1,1,20251026,20251213
384585_324909,0,0,0,0,0,1,1,20251012,20251025
384585_324910,0,0,0,0,0,1,1,20251026,20251213
384585_324933,1,1,1,1,1,1,1,20251012,20251025
384585_324934,1,1,1,1,1,1,1,20251026,20251213
384585_324945,1,1,1,1,1,0,0,20251012,20251024
384585_324952,0,0,0,0,0,1,1,20251012,20251025
384585_324953,0,0,0,0,0,1,1,20251026,20251213
384619_322499,1,1,1,1,1,1,1,20251012,20251025
384619_322500,1,1,1,1,1,1,1,20251026,20251213
384620_322727,1,1,1,1,1,1,1,20251012,20251025
384620_322728,1,1,1,1,1,1,1,20251026,20251213
384621_322759,1,1,1,1,1,0,0,20251012,20251024
384621_322760,1,1,1,1,1,0,0,20251027,20251212
384621_322764,1,1,1,1,1,1,1,20251012,20251025
384621_322765,1,1,1,1,1,1,1,20251026,20251213
384621_322769,1,1,1,1,1,0,0,20251012,20251024
384621_322770,1,1,1,1,1,0,0,20251027,20251212
384621_322775,1,1,1,1,1,1,1,20251012,20251025
384621_322776,1,1,1,1,1,1,1,20251026,20251213
384621_322780,1,1,1,1,1,0,0,20251012,20251024
384621_322781,1,1,1,1,1,0,0,20251027,20251212
384621_322785,1,1,1,1,1,1,1,20251012,20251025
384621_322786,1,1,1,1,1,1,1,20251026,20251213
384621_322790,1,1,1,1,1,0,0,20251012,20251024
384621_322791,1,1,1,1,1,0,0,20251027,20251212
384621_322796,1,1,1,1,1,1,1,20251012,20251025
384621_322797,1,1,1,1,1,1,1,20251026,20251213
384621_322801,1,1,1,1,1,1,1,20251012,20251025
384621_322802,1,1,1,1,1,1,1,20251026,20251213
384621_322806,1,1,1,1,1,0,0,20251012,20251024
384621_322807,1,1,1,1,1,0,0,20251027,20251212
384621_322812,1,1,1,1,1,1,1,20251012,20251025
384621_322813,1,1,1,1,1,1,1,20251026,20251213
384621_322817,1,1,1,1,1,0,0,20251012,20251024
384621_322818,1,1,1,1,1,0,0,20251027,20251212
384621_322823,1,1,1,1,1,1,1,20251012,20251025
384621_322824,1,1,1,1,1,1,1,20251026,20251213
384621_322828,1,1,1,1,1,0,0,20251012,20251024
384621_322829,1,1,1,1,1,0,0,20251027,20251212
384621_322833,1,1,1,1,1,1,1,20251012,20251025
384621_322834,1,1,1,1,1,1,1,20251026,20251213
384621_322838,1,1,1,1,1,0,0,20251012,20251024
384621_322839,1,1,1,1,1,0,0,20251027,20251212
384621_322844,1,1,1,1,1,1,1,20251012,20251025
384621_322845,1,1,1,1,1,1,1,20251026,20251213
384621_322849,1,1,1,1,1,0,0,20251012,20251024
384621_322850,1,1,1,1,1,0,0,20251027,20251212
384621_322854,1,1,1,1,1,1,1,20251012,20251025
384621_322855,1,1,1,1,1,1,1,20251026,20251213
384621_322859,1,1,1,1,1,0,0,20251012,20251024
384621_322860,1,1,1,1,1,0,0,20251027,20251212
384621_322865,1,1,1,1,1,1,1,20251012,20251213
384621_322869,1,1,1,1,1,0,0,20251012,20251024
384621_322870,1,1,1,1,1,0,0,20251027,20251212
384621_322875,1,1,1,1,1,1,1,20251012,20251025
384621_322876,1,1,1,1,1,1,1,20251026,20251213
384621_322880,1,1,1,1,1,1,1,20251012,20251213
384621_322884,1,1,1,1,1,0,0,20251012,20251024
384621_322885,1,1,1,1,1,0,0,20251027,20251212
384621_322894,1,1,1,1,1,1,1,20251012,20251025
384621_322895,1,1,1,1,1,1,1,20251026,20251213
384621_322899,1,1,1,1,1,0,0,20251012,20251024
384621_322900,1,1,1,1,1,0,0,20251027,20251212
384621_322905,1,1,1,1,1,1,1,20251012,20251025
384621_322906,1,1,1,1,1,1,1,20251026,20251213
384621_322910,1,1,1,1,1,0,0,20251012,20251024
384621_322911,1,1,1,1,1,0,0,20251027,20251212
384621_322915,1,1,1,1,1,1,1,20251012,20251025
384621_322916,1,1,1,1,1,1,1,20251026,20251213
384630_322927,1,1,1,1,1,1,0,20251012,20251025
384630_322928,1,1,1,1,1,1,0,20251027,20251213
384630_322936,1,1,1,1,1,1,1,20251012,20251025
384630_322937,1,1,1,1,1,1,1,20251026,20251213
384630_322943,1,1,1,1,1,0,0,20251012,20251024
384630_322944,1,1,1,1,1,0,0,20251027,20251212
384630_322954,1,1,1,1,1,1,1,20251012,20251025
384630_322955,1,1,1,1,1,1,1,20251026,20251213
384630_322960,1,1,1,1,1,0,0,20251012,20251024
384630_322961,1,1,1,1,1,0,0,20251027,20251212
384630_322967,1,1,1,1,1,0,0,20251012,20251024
384630_322968,1,1,1,1,1,0,0,20251027,20251212
384630_322972,1,1,1,1,1,0,0,20251012,20251024
384630_322973,1,1,1,1,1,0,0,20251027,20251212
384630_322979,1,1,1,1,1,1,1,20251012,20251025
384630_322980,1,1,1,1,1,1,1,20251026,20251213
384630_322991,1,1,1,1,1,1,1,20251012,20251025
384630_322992,1,1,1,1,1,1,1,20251026,20251213
384630_322998,1,1,1,1,1,0,0,20251012,20251024
384630_322999,1,1,1,1,1,0,0,20251027,20251212
384630_323010,1,1,1,1,1,0,0,20251012,20251024
384630_323011,1,1,1,1,1,0,0,20251027,20251212
384630_323015,1,1,1,1,1,0,0,20251012,20251024
384630_323016,1,1,1,1,1,0,0,20251027,20251212
384630_323026,1,1,1,1,1,1,1,20251012,20251025
384630_323027,1,1,1,1,1,1,1,20251026,20251213
384630_323039,1,1,1,1,1,1,0,20251012,20251020
384630_323040,1,1,1,1,1,1,1,20251021,20251025
384630_323041,1,1,1,1,1,1,0,20251027,20251213
384630_323045,1,1,1,1,1,0,0,20251012,20251024
384630_323046,1,1,1,1,1,0,0,20251027,20251212
384630_323053,1,1,1,1,1,0,0,20251012,20251024
384630_323054,1,1,1,1,1,0,0,20251027,20251212
384630_323060,1,1,1,1,1,0,0,20251012,20251024
384630_323061,1,1,1,1,1,0,0,20251027,20251212
384630_323066,1,1,1,1,1,0,0,20251012,20251024
384630_323067,1,1,1,1,1,0,0,20251027,20251212
384630_323072,1,1,1,1,1,1,1,20251012,20251025
384630_323073,1,1,1,1,1,1,1,20251026,20251213
384630_323079,1,1,1,1,1,1,1,20251012,20251025
384630_323080,1,1,1,1,1,1,1,20251026,20251213
384630_323085,1,1,1,1,1,0,0,20251012,20251024
384630_323086,1,1,1,1,1,0,0,20251027,20251212
384630_323096,1,1,1,1,1,0,0,20251012,20251024
384630_323097,1,1,1,1,1,0,0,20251027,20251212
384630_323102,1,1,1,1,1,0,0,20251012,20251024
384630_323103,1,1,1,1,1,0,0,20251027,20251212
384630_323113,1,1,1,1,1,0,0,20251012,20251024
384630_323114,1,1,1,1,1,0,0,20251027,20251212
384630_323123,1,1,1,1,0,1,1,20251012,20251025
384630_323124,1,1,1,1,0,1,1,20251026,20251213
384630_323137,1,1,1,1,1,1,1,20251012,20251025
384630_323138,1,1,1,1,1,1,1,20251026,20251213
384630_323144,1,1,1,1,1,1,1,20251012,20251025
384630_323145,1,1,1,1,1,1,1,20251026,20251213
384630_323152,1,1,1,1,1,0,1,20251012,20251024
384630_323153,1,1,1,1,1,0,1,20251026,20251212
384630_323161,1,1,1,1,1,1,1,20251012,20251025
384630_323162,1,1,1,1,1,1,1,20251026,20251213
384638_323545,1,1,1,1,1,0,0,20251012,20251024
384638_323546,1,1,1,1,1,0,0,20251027,20251212
384638_323566,1,1,1,1,1,0,0,20251012,20251024
384638_323567,1,1,1,1,1,0,0,20251027,20251212
384638_323586,1,1,1,1,1,1,1,20251012,20251025
384638_323587,1,1,1,1,1,1,1,20251026,20251213
384638_323604,1,1,1,1,1,1,1,20251012,20251025
384638_323605,1,1,1,1,1,1,1,20251026,20251213
384638_323627,1,1,1,1,1,1,1,20251012,20251025
384638_323628,1,1,1,1,1,1,1,20251026,20251213
384638_323634,1,1,1,1,1,0,0,20251012,20251024
384638_323635,1,1,1,1,1,0,0,20251027,20251212
384638_323665,1,1,1,1,1,0,0,20251012,20251024
384638_323666,1,1,1,1,1,0,0,20251027,20251212
384638_323676,1,1,1,1,1,1,1,20251012,20251025
384638_323677,1,1,1,1,1,1,1,20251026,20251213
384638_323688,1,1,1,1,1,0,0,20251012,20251024
384638_323689,1,1,1,1,1,0,0,20251027,20251212
384639_323734,1,1,1,1,1,0,0,20251012,20251024
384639_323735,1,1,1,1,1,0,0,20251027,20251212
384639_323767,1,1,1,1,1,0,0,20251012,20251024
384639_323768,1,1,1,1,1,0,0,20251027,20251212
384666_323882,1,1,1,1,1,0,0,20251012,20251024
384666_323883,1,1,1,1,1,0,0,20251027,20251212
384666_323920,1,1,1,1,1,0,0,20251012,20251024
384666_323921,1,1,1,1,1,0,0,20251027,20251212
384667_324018,1,1,1,1,1,1,1,20251012,20251017
384667_324019,1,1,1,1,1,1,1,20251018,20251025
384667_324020,1,1,1,1,1,1,1,20251026,20251213
384667_324085,1,1,1,1,1,0,0,20251012,20251016
384667_324086,1,1,1,1,1,0,0,20251017,20251024
384667_324087,1,1,1,1,1,0,0,20251027,20251212
384668_324075,1,1,1,1,1,1,1,20251012,20251016
384668_324076,1,1,1,1,1,1,1,20251017,20251017
384668_324077,1,1,1,1,1,1,1,20251018,20251025
384668_324078,1,1,1,1,1,1,1,20251026,20251213
384668_324131,1,1,1,1,1,1,1,20251012,20251016
384668_324132,1,1,1,1,1,1,1,20251017,20251025
384668_324133,1,1,1,1,1,1,1,20251026,20251213
384670_324167,1,1,1,1,1,1,1,20251012,20251012
384670_324168,0,0,0,0,0,1,1,20251018,20251025
384670_324169,0,0,0,0,0,1,1,20251026,20251213
384670_324207,1,1,1,1,1,1,1,20251012,20251017
384670_324208,1,1,1,1,1,1,1,20251018,20251025
384670_324209,1,1,1,1,1,1,1,20251026,20251213
384670_324232,1,1,1,1,1,1,1,20251012,20251016
384670_324233,1,1,1,1,1,1,1,20251017,20251025
384670_324234,1,1,1,1,1,1,1,20251026,20251213
384671_324273,1,1,1,1,1,1,1,20251012,20251016
384671_324274,1,1,1,1,1,1,1,20251017,20251025
384671_324275,1,1,1,1,1,1,1,20251026,20251213
384672_324405,1,1,1,1,1,1,1,20251012,20251025
384672_324406,1,1,1,1,1,1,1,20251026,20251213
384673_324411,1,1,1,1,1,1,1,20251012,20251213
384675_324549,1,1,1,1,1,1,1,20251012,20251016
384675_324552,1,1,1,1,1,1,1,20251017,20251025
384675_324553,1,1,1,1,1,1,1,20251026,20251213
384677_324982,1,1,1,1,1,1,1,20251012,20251025
384677_324983,1,1,1,1,1,1,1,20251026,20251213
384677_324987,1,1,1,1,1,0,0,20251012,20251024
384677_324988,1,1,1,1,1,0,0,20251027,20251212
384677_324992,0,0,0,0,0,1,1,20251012,20251025
384677_324993,0,0,0,0,0,1,1,20251026,20251213
384677_324997,1,1,1,1,1,1,1,20251012,20251025
384677_324998,1,1,1,1,1,1,1,20251026,20251213
384677_325002,1,1,1,1,1,1,1,20251012,20251025
384677_325003,1,1,1,1,1,1,1,20251026,20251213
384677_325007,1,1,1,1,1,1,1,20251012,20251025
384677_325008,1,1,1,1,1,1,1,20251026,20251213
384677_325012,1,1,1,1,1,0,0,20251012,20251024
384677_325013,1,1,1,1,1,0,0,20251027,20251212
384677_325020,0,0,0,0,0,1,1,20251012,20251025
384677_325021,1,1,1,1,1,0,0,20251012,20251024
384677_325022,1,1,1,1,1,1,1,20251026,20251213
384677_325026,1,1,1,1,1,1,1,20251012,20251025
384677_325027,1,1,1,1,1,1,1,20251026,20251213
384677_325033,0,0,0,0,0,1,1,20251012,20251025
384677_325034,0,0,0,0,0,1,1,20251026,20251213
384677_325039,1,1,1,1,1,1,1,20251012,20251025
384677_325040,1,1,1,1,1,1,1,20251026,20251213
384677_325044,1,1,1,1,1,1,1,20251012,20251025
384677_325045,1,1,1,1,1,1,1,20251026,20251213
384677_325049,1,1,1,1,1,1,1,20251012,20251025
384677_325050,1,1,1,1,1,1,1,20251026,20251213
384677_325054,1,1,1,1,1,1,1,20251012,20251025
384677_325055,1,1,1,1,1,1,1,20251026,20251213
384677_325059,1,1,1,1,1,0,0,20251012,20251024
384677_325060,1,1,1,1,1,0,0,20251027,20251212
384677_325064,0,0,0,0,0,1,1,20251012,20251025
384677_325065,0,0,0,0,0,1,1,20251026,20251213
384677_325069,1,1,1,1,1,0,0,20251012,20251024
384677_325070,1,1,1,1,1,0,0,20251027,20251212
384677_325074,1,1,1,1,1,1,1,20251012,20251025
384677_325075,1,1,1,1,1,1,1,20251026,20251213
384677_325079,1,1,1,1,1,1,1,20251012,20251025
384677_325080,1,1,1,1,1,1,1,20251026,20251213
384677_325086,0,0,0,0,0,1,1,20251012,20251025
384677_325087,0,0,0,0,0,1,1,20251026,20251213
